   2.6949478e+00   2.6226974e+00  -1.3725527e+00  -2.0329934e+00  -8.1488314e-01  -1.2060516e-02   4.8222523e-01  -1.8587194e+00   5.9907809e-02  -6.8989951e-02  -1.4019120e-01  -3.6752699e-01
   6.6221816e+00   5.0354501e+00  -1.1520440e+00  -1.1314064e+00  -1.1225120e-01   7.0604145e-01   7.1251037e-01  -4.8692152e-01  -4.3319321e-01  -4.2621648e-01  -5.5032201e-01  -3.7307159e-01
   3.4194887e+00   5.1077824e+00  -5.6774796e-01  -8.1201751e-01  -1.0301784e+00  -8.1336267e-02  -2.9815052e-01  -8.5246889e-01  -5.2342352e-01  -8.2395472e-02   7.6443761e-02   8.2833242e-02
   2.5841923e+00   4.9435665e+00  -6.1797029e-01  -1.6503894e+00  -4.1901664e-01   3.8179002e-01   6.2902567e-01  -1.3245634e+00  -7.4242761e-01  -1.4148101e-01  -2.4019215e-01   3.2189033e-01
   1.4698338e+00   4.3858138e+00  -4.2904178e-01  -1.0834541e+00   4.3622776e-01   3.7359485e-01   9.3606604e-02  -1.7506766e+00  -7.5038003e-01  -1.4211322e-01  -1.0402947e-01   5.2033440e-01
   5.3358777e-01   3.1081148e+00  -1.5100795e+00  -1.9533341e+00  -4.6437997e-01   7.0023321e-02   3.4610154e-01  -1.3204853e+00  -3.7681814e-01  -1.9749285e-01  -3.9714651e-01   1.0666110e-01
   2.5375544e-01   2.8918835e+00  -9.9085938e-01  -1.8457638e+00  -7.2115543e-01  -4.5680485e-01   7.7124775e-02  -1.1507617e+00   1.7448842e-01   3.2211492e-01  -5.2090354e-01  -1.2751245e+00
  -3.0657598e-01   2.4423433e+00  -1.2612431e+00  -1.6448378e+00   3.1837114e-01   5.0399306e-01   4.1143425e-01  -1.6197729e+00  -1.0189060e+00  -3.6548826e-01  -6.5265550e-01  -2.1799964e-01
  -1.9842732e-01   2.2046425e+00  -1.0092727e+00  -1.0706539e+00   4.0493703e-01   7.1717026e-01   1.0821304e+00  -1.3407446e+00  -4.2083340e-01   1.4671666e-01  -1.1014067e-01  -2.1022790e-01
  -4.4556704e-01   1.8234887e+00   1.3721661e-01  -3.1335197e-02  -2.0607261e-02   8.4001920e-01   1.1034680e+00  -1.5281765e+00  -8.2958501e-01   5.7107388e-01   7.1343391e-01  -1.3516277e-01
