  -1.9233339e+00   4.1187311e+00   5.2108371e-02  -1.4103240e+00   2.2298821e-01  -3.3324046e-01   4.0528279e-01  -1.0525762e-01   6.8917339e-01  -1.8754741e-01  -3.7553733e-01   5.9690174e-01
   6.4908825e+00   3.6229571e+00   4.4580894e-01  -8.2173256e-01  -1.4252357e+00   1.5782280e-01   6.0551801e-01  -5.9473271e-01  -1.9174886e-01  -4.1320495e-01  -6.4457737e-01   1.5617758e-01
   5.0915195e+00   5.5790710e+00  -1.7696213e-01  -8.2806365e-01  -7.5560630e-01   6.3068263e-02   5.4385809e-01  -5.0982824e-01  -2.5962061e-01  -7.0347791e-01  -3.8995195e-01  -3.8464833e-01
   2.1188095e+00   4.1886862e+00   2.2504112e-01  -2.5258107e-02  -1.1360815e+00  -9.1269131e-01  -1.6558251e-01  -1.1296961e+00  -4.4746245e-01  -7.3718989e-01  -3.1312222e-01  -3.8233598e-01
   1.3722181e-01   4.1595299e+00   9.0206887e-01   2.5551097e-01  -7.6707726e-01  -5.4230633e-01  -6.5526212e-02  -4.1577034e-01   1.7646015e-02  -6.7663520e-01  -7.8484768e-01  -5.0145506e-01
   6.5796192e-01   3.5210152e+00   1.2314973e+00   5.1742772e-01  -9.7745891e-01  -8.9597737e-01  -3.6249237e-01   1.1032838e-01   4.3575480e-01  -1.1089607e-01   3.7679758e-02  -1.4930200e-01
  -8.9316653e-01   3.5114272e+00   8.2243372e-01  -3.2407402e-01  -7.5415138e-01  -1.2586804e+00  -1.8658870e-01  -1.2292045e+00   6.9594064e-02  -2.3160511e-01  -1.8273508e-01  -3.2120657e-01
  -1.3470104e+00   2.9423115e+00   7.2467258e-01   2.3769157e-05  -3.1779280e-01  -1.0442679e+00   2.1538128e-01  -6.4265644e-01  -1.1692054e-01  -1.7792752e-02  -2.4342054e-01   1.6121137e-02
  -1.4744986e+00   2.7811706e+00   2.3533260e-01  -2.0737844e-01  -3.9652742e-01  -7.5367133e-01   8.7626218e-02  -4.1104719e-01   4.8565343e-01  -1.4816158e-01  -1.0765765e-01   3.9757572e-01
  -1.1462245e+00   4.2687448e+00   4.6421845e-01  -1.5099322e+00  -3.0454951e-01  -5.8799721e-01  -2.9961834e-01  -1.5630216e-01   5.3469840e-01  -3.4407708e-01  -1.5637928e-01   2.8007166e-01
