  -2.3398150e+00   4.0158678e+00  -4.0919585e-06  -1.5507071e+00   3.8642663e-01   2.9772258e-01   7.3294614e-01  -2.9086342e-01   2.6386920e-01   3.9427407e-01  -3.6898225e-01   1.7334629e-01
   7.5200625e+00   5.6124775e+00  -6.9819805e-01  -1.5386988e+00  -2.1882379e-01   1.2333922e-01   2.5109904e-01  -7.1509204e-01  -6.3156765e-01  -3.4013961e-01  -9.7339119e-01  -3.6865469e-01
   4.8120057e+00   5.6836632e+00  -7.1947093e-01  -1.9709404e+00  -5.9511542e-01   3.0030668e-01   3.8576699e-01  -6.7803022e-01  -6.0569124e-01  -9.4374941e-01  -3.5438870e-01   1.7371933e-02
  -3.2533961e-01   5.2228577e+00  -2.1296120e-01  -5.9879505e-01  -9.8889928e-01  -7.0976866e-01  -4.2573608e-01  -4.8077146e-01  -4.9338279e-01   3.3902861e-01  -1.7106477e-01   2.1127136e-01
   1.4736596e-01   5.5702296e+00   9.5762195e-01  -5.7665187e-01  -8.2997252e-01   2.4289143e-02   1.0645997e-01  -5.2602149e-02  -1.7318009e-01  -6.8888407e-03  -3.3425503e-01  -3.4310877e-01
  -3.7158641e-01   4.4771831e+00   3.5090572e-01  -4.2639063e-01  -1.6198712e-01  -1.5758851e-01  -1.4623092e-01  -5.1870428e-01  -7.3991782e-02  -4.5086453e-01   1.3797330e-01   1.6810603e-01
  -1.1536480e+00   4.7888345e+00   3.4826064e-01  -1.1303153e+00  -1.1939626e-01  -9.5079568e-01  -5.2743788e-01  -7.0209476e-01   3.6293466e-01   6.6962158e-02  -8.9725062e-02   1.3734842e-01
  -1.2176696e+00   3.5378273e+00   7.0937223e-01  -7.8366172e-01  -1.0264456e-01  -7.5904901e-01   3.1834786e-02  -3.6949386e-01   7.0620741e-01   4.8678652e-01   4.0073887e-01   6.9076020e-01
  -2.3990056e+00   3.2989192e+00   3.1836907e-02  -3.4444129e-01  -4.6387406e-01  -1.3298791e+00  -3.5712516e-01  -4.5292401e-02   2.5037129e-01  -4.6747744e-01  -4.1858391e-01   1.6767197e-01
  -1.1462245e+00   4.2687448e+00   4.6421845e-01  -1.5099322e+00  -3.0454951e-01  -5.8799721e-01  -2.9961834e-01  -1.5630216e-01   5.3469840e-01  -3.4407708e-01  -1.5637928e-01   2.8007166e-01
