  -1.8793804e+00   3.6415215e+00   2.5596766e-01  -1.5736739e+00  -2.0553399e-01  -7.4437451e-01  -7.4442941e-01  -7.3328505e-01   4.1014326e-01  -4.9769103e-01  -5.6380783e-01   2.1747796e-01
   7.4059469e+00   4.0478813e+00  -2.3918715e+00  -1.8378355e+00  -6.0229213e-01   4.7480890e-01  -1.2681765e-01  -8.3335946e-01  -4.5363656e-01  -2.7393931e-01  -6.8543312e-01   4.9674634e-02
   7.0132744e+00   5.5466603e+00  -9.9318337e-01  -1.5300827e+00  -2.4748310e-01   4.1923448e-01   8.3167577e-02  -1.0515432e+00  -4.7546236e-01  -7.6718012e-01  -7.1107033e-04   3.2747163e-01
   3.2866831e+00   4.7094885e+00   9.3006239e-02  -1.1897930e+00  -1.1823213e+00  -4.0434639e-01  -8.6278440e-02  -9.9288021e-01  -1.0216015e-01  -4.9561407e-01  -7.8857332e-01  -3.8670145e-01
   2.8344259e-01   4.9354969e+00   2.8475497e-01  -8.2713730e-01  -1.2543425e+00  -1.2861951e-01   7.3343334e-02  -5.0025870e-01   2.2741006e-01   2.9943642e-02  -1.7677958e-01   4.5616348e-02
   3.9135101e-01   4.7983983e+00   1.2008793e+00  -5.4936449e-01  -8.0076763e-01  -6.3404939e-01  -5.9863184e-01  -4.6869543e-01   1.5547924e-01  -3.6799404e-01   4.0225315e-02  -1.8034790e-02
   2.7394473e-01   3.8604064e+00   7.2387144e-01  -8.3524356e-01  -1.0235351e+00  -3.8288173e-01  -6.2422526e-01  -4.9212294e-01   7.6334303e-01  -2.8063875e-01  -2.8579763e-01  -4.1902437e-02
  -1.2176696e+00   3.5378273e+00   7.0937223e-01  -7.8366172e-01  -1.0264456e-01  -7.5904901e-01   3.1834786e-02  -3.6949386e-01   7.0620741e-01   4.8678652e-01   4.0073887e-01   6.9076020e-01
  -2.3990056e+00   3.2989192e+00   3.1836907e-02  -3.4444129e-01  -4.6387406e-01  -1.3298791e+00  -3.5712516e-01  -4.5292401e-02   2.5037129e-01  -4.6747744e-01  -4.1858391e-01   1.6767197e-01
  -1.1462245e+00   4.2687448e+00   4.6421845e-01  -1.5099322e+00  -3.0454951e-01  -5.8799721e-01  -2.9961834e-01  -1.5630216e-01   5.3469840e-01  -3.4407708e-01  -1.5637928e-01   2.8007166e-01
