  -1.2500010e+00   3.9903899e+00   4.9406516e-01  -5.8197644e-01  -4.5061321e-01  -3.4636101e-01   9.6059254e-01   4.8254487e-02   8.2932136e-01  -4.2928079e-01  -5.6275526e-02  -5.2836511e-01
  -2.2850184e+00   4.0028915e+00   8.7304637e-01  -3.0835522e-01   3.5826907e-01   3.5771309e-01   3.4358790e-01   1.0553899e-01   3.8391472e-01  -6.6520550e-01  -3.0467579e-01  -3.8759792e-01
   7.3865573e+00   5.5191277e+00  -1.8597803e+00  -1.7732834e+00  -6.0604857e-01   1.2808983e-01   8.0713532e-01  -5.6642007e-01  -7.2832710e-01  -2.6860333e-01  -2.2046853e-01  -3.5142209e-02
   5.0922471e+00   5.7688132e+00  -4.5424706e-02  -1.4644388e+00  -3.2961878e-01   2.0620174e-01   5.5037679e-01  -1.1880504e-01  -6.8704362e-01  -3.2384018e-01  -7.2550334e-01   1.2944054e-01
   1.3624416e+00   5.6864251e+00  -3.4909810e-01  -1.4874508e+00  -7.8053249e-01  -2.5842425e-01  -4.6170093e-01  -8.1111512e-01  -9.2262985e-01  -4.3926104e-01  -4.2060159e-01   1.4284329e-01
   1.0137271e+00   5.2127900e+00   3.7733133e-01  -9.7911701e-01  -7.3968807e-01  -1.0581628e+00  -4.0178926e-01  -2.3391942e-01  -1.0265525e-01  -1.0108843e-01  -3.6697492e-01   1.7757001e-01
   1.0297765e+00   5.4496126e+00   5.7706477e-01  -1.1588561e+00  -5.1789770e-01  -3.2375573e-01  -6.3184037e-01  -7.6537818e-01   2.1672177e-02   4.4368358e-01  -9.4917857e-03   4.7716056e-01
  -3.1007900e-01   4.6885707e+00   7.3457250e-01  -8.3405003e-01  -5.3201800e-01  -1.1293694e+00  -6.1893313e-01  -7.8996901e-01  -5.9582024e-02   4.0037684e-01   1.0668008e-01   1.9301783e-01
  -6.4617663e-01   4.4731765e+00   4.7686843e-01  -1.4990854e+00  -1.3134775e+00  -8.0612683e-01  -1.7995595e-03  -5.9279352e-01   2.4920986e-02   1.5007207e-01   2.4623796e-01   3.7604526e-01
  -1.1462245e+00   4.2687448e+00   4.6421845e-01  -1.5099322e+00  -3.0454951e-01  -5.8799721e-01  -2.9961834e-01  -1.5630216e-01   5.3469840e-01  -3.4407708e-01  -1.5637928e-01   2.8007166e-01
