   4.0091100e-01   1.2469568e+00  -1.3761102e+00  -4.1237739e-01   8.4476411e-02   1.2799012e+00   1.1628959e+00  -1.0762312e+00  -7.0881504e-03   9.2592800e-01   9.3530859e-01   4.8204298e-01
   3.9976420e-01   9.6832273e-01  -8.9215299e-01  -3.9682762e-01  -3.5433956e-01   1.1433584e+00   1.2699125e+00  -1.0743044e+00  -5.8680533e-01   1.3198667e-01   6.7344202e-01  -3.4500919e-01
   7.7219965e+00   4.0620530e+00  -5.0180656e-01  -1.1015241e+00  -8.7115171e-02   3.4748719e-01   1.5105940e+00  -1.0548015e+00  -4.0914585e-01  -6.6398617e-01  -3.5305402e-01  -5.0731000e-01
   2.9932138e+00   4.0790390e+00  -1.1347627e-01  -7.6184186e-01  -1.2032427e+00  -1.1179764e-01   3.4122701e-01  -8.4465580e-01  -6.0512448e-01   3.3287030e-01  -9.8309902e-02   2.3728973e-01
   3.2038413e+00   3.3132389e+00   1.7202313e-01  -6.4654492e-01  -1.3371437e+00  -3.5986110e-01   5.4241214e-01  -1.6036308e+00  -6.1089479e-01   5.6942869e-01  -2.1307949e-01  -3.8197271e-01
   9.7033085e-01   2.7873112e+00   4.5175420e-01   4.6497042e-02  -8.7867076e-01  -1.0495187e-01   3.1409155e-01  -2.4279182e+00  -7.3694747e-01   3.3398900e-01  -2.4793926e-01  -2.5537685e-01
  -3.0082966e-01   1.4753868e+00   1.7911687e-01  -3.9141155e-01  -1.1678200e+00  -1.9090706e-01   3.3191031e-01  -2.4844367e+00  -1.1067964e+00   6.6184697e-01   2.6054301e-01   1.0252693e-01
   1.1954475e-01   2.0673691e+00   2.5552241e-01  -6.4740789e-01  -5.1599123e-01   4.6541055e-01   8.2259618e-01  -1.9167746e+00  -4.8152791e-01   1.0509579e+00   2.6258588e-01   3.8202479e-01
  -2.2617560e-01   1.3572760e+00  -3.5306682e-01  -4.7869303e-02  -3.5179512e-01   4.9631823e-01   1.8235118e+00  -1.2871729e+00  -8.6956619e-01   3.5912347e-01   2.3917006e-01  -3.4406095e-01
  -4.4556704e-01   1.8234887e+00   1.3721661e-01  -3.1335197e-02  -2.0607261e-02   8.4001920e-01   1.1034680e+00  -1.5281765e+00  -8.2958501e-01   5.7107388e-01   7.1343391e-01  -1.3516277e-01
