  -1.3245309e+00   2.6024552e+00   5.5952350e-01  -1.1725714e+00  -2.4874619e-01   5.2722353e-01   2.0666260e-01  -1.4724977e-01   4.5162638e-01  -6.1782160e-01   1.3475222e-01  -6.5443442e-01
   7.7440051e-01   3.4133783e+00   2.4922290e-01  -2.0429840e+00  -5.3361235e-01   3.5312190e-01   2.5545224e-01  -7.8382601e-01  -1.9941315e-02  -3.6230936e-01   1.9946917e-01  -1.1395874e-01
   3.2097575e+00   2.1616345e+00  -6.1691682e-01  -7.0196559e-01  -2.5956087e-01   3.1805708e-01   3.2560255e-01  -3.8408578e-01  -5.4803761e-01  -1.4020976e-01  -6.3085790e-02   2.7657644e-01
   2.9386496e+00   5.7704285e-02  -1.6298918e+00  -1.0801543e+00  -4.0469965e-01   2.4812280e-01   9.9913475e-01   1.8623371e-01   4.3839885e-01   4.9819325e-01  -3.2165582e-01  -3.2293789e-01
   1.4615678e+00   2.5645866e+00  -2.1793989e+00  -9.5993363e-01  -3.1765937e-01   1.8145034e-01   4.3321709e-01  -2.2060034e-01  -4.0636451e-01  -1.2887024e-02  -4.8094448e-01  -3.5511043e-01
   1.3884227e+00   2.5656835e+00  -1.9385771e+00  -1.4856163e+00  -2.3661666e-01   5.6183717e-01  -1.2500893e-01  -6.0909409e-01  -7.3733542e-02   2.8631890e-01   4.8382718e-01   6.1504867e-02
   5.7379602e-01   3.3104363e+00  -1.4779885e+00  -2.3589553e+00   2.8780302e-01   4.7129610e-01   5.4092523e-01  -1.9279635e-01   2.4949748e-01   4.5457110e-01   2.6599734e-01   3.3777078e-01
  -1.2661271e+00   3.2515868e+00  -2.5073496e-01  -2.2010247e+00   9.5139869e-01   3.0285660e-01   4.9873237e-01   7.8000038e-02   6.2143394e-01   6.9263541e-01   5.2890930e-01   1.0372937e-01
  -1.5780952e+00   3.4406990e+00   2.4242147e-01  -2.2307424e+00   1.0481694e+00   6.4004403e-01   7.8868332e-01   3.8513935e-01   4.8211081e-01   2.1798833e-01   3.9783003e-01   3.8469526e-01
  -2.0388240e+00   3.4972846e+00   7.6586606e-01  -1.1153593e+00   1.1046165e+00   7.4851828e-01   8.8311215e-01   1.5003371e-01   8.8159135e-01   2.7773374e-01   1.3523660e-01   6.5482965e-01
