   4.8025351e+00   3.1871646e+00  -2.3459933e+00  -2.9851399e+00  -2.4389060e-01  -1.0338113e-01  -3.1542512e-01  -7.6629409e-01  -1.4318702e-01  -7.4781218e-01  -2.1497811e-01  -1.5632776e-01
   5.9165508e+00   5.0729234e+00  -1.0829708e+00  -2.0494817e+00  -1.0276055e-01   1.6766199e-01   4.2484778e-01  -3.7753015e-01  -5.8084098e-01  -6.1312420e-02  -6.5004308e-01  -9.8406018e-02
   4.4050346e+00   5.2041592e+00  -6.0529444e-01  -2.0027003e+00  -4.6948834e-01  -7.1295251e-01   3.5224183e-01  -6.4967009e-01  -3.3965322e-01  -9.4655694e-01  -1.1772104e+00   7.3551889e-02
   4.4058995e-01   5.1233270e+00  -1.2218759e-01  -1.3780302e+00  -6.0901077e-01  -4.3015442e-01  -5.2025834e-01   1.8781599e-01  -4.3158592e-01  -2.7603101e-01  -6.2604730e-01   4.1323296e-01
   5.5581095e-01   4.8916065e+00   1.3592888e-01  -9.2010023e-01  -4.2332233e-02  -5.5443218e-01  -7.2223499e-01  -1.5337423e+00  -7.2968793e-01  -1.7332880e-01  -1.3714669e-01   7.2470096e-01
   6.7236297e-02   4.4244951e+00   4.2275681e-01  -1.2661370e+00  -7.4026116e-01  -5.8347851e-01  -2.4147601e-01  -8.3517785e-01  -2.8203928e-01  -3.4541124e-01  -1.9503662e-01   5.8469101e-01
  -1.3733261e-01   4.0476090e+00   2.8228962e-01  -1.4212542e+00  -6.6881635e-01  -1.0020793e+00  -9.5556857e-01  -1.1990914e+00   1.0935678e-01  -2.8487189e-01  -3.9352187e-02   1.7703518e-01
  -7.7940593e-01   4.0330424e+00   5.2127524e-01  -8.7445993e-01   4.8010467e-03  -7.3699909e-01  -2.0937043e-01  -8.6689143e-01   2.5119003e-01  -1.7240376e-01   3.1331995e-02   4.6541842e-01
  -1.5858415e+00   3.9192802e+00   5.3481577e-01  -1.0394158e+00  -1.6534965e-01  -1.4272083e+00  -4.6143693e-01  -9.6279618e-03   6.6758445e-02  -2.4478307e-01  -2.8710236e-01  -2.7572760e-01
  -1.1462245e+00   4.2687448e+00   4.6421845e-01  -1.5099322e+00  -3.0454951e-01  -5.8799721e-01  -2.9961834e-01  -1.5630216e-01   5.3469840e-01  -3.4407708e-01  -1.5637928e-01   2.8007166e-01
