  -2.3580144e+00   4.6964142e+00   6.0021897e-01  -1.9950907e+00   8.5647445e-02  -5.2611062e-01   4.4684263e-01  -1.5985180e-01   8.1393831e-01  -6.1087041e-02  -3.3234309e-01   3.0957116e-01
   7.3480242e+00   6.6435949e+00  -1.4335103e+00  -3.0095455e+00  -2.0798528e-01   5.9980751e-01   1.9650054e-01  -1.8420767e-01  -1.7799112e-01  -9.4568104e-01  -1.3284137e-01   3.9412220e-01
   5.4200919e+00   7.1322600e+00   1.8464133e-02  -1.9651506e+00  -4.5120646e-01  -5.5568803e-02   5.2259519e-01  -5.8736403e-01  -1.3591742e-02  -1.0179256e+00  -5.7759745e-01   5.0462763e-01
   1.0695542e+00   5.9886235e+00  -3.3458806e-01  -8.6610004e-01  -1.9491386e-01  -6.0948583e-01  -1.0055381e+00  -8.3952707e-02  -3.2917253e-01  -4.9668980e-01  -5.9080436e-01  -9.1269320e-02
   5.5716093e-02   5.0390436e+00   3.8720502e-01  -4.5889997e-01  -5.2695760e-01  -8.1393201e-01  -5.3185327e-01  -7.5431139e-01  -2.0585073e-01  -2.9245156e-01  -3.7374670e-02  -5.1541044e-02
  -2.1564954e-02   5.7280037e+00   2.2344025e-01  -1.2267521e+00  -4.7872490e-01  -1.5154621e+00  -4.6429222e-01  -5.0143161e-01   4.6729801e-01  -4.4103829e-01  -6.7508882e-01   3.8244400e-01
  -8.7201896e-01   4.6509226e+00   1.4091304e+00   2.0055487e-01  -4.2219057e-01  -4.4260972e-01  -4.3200295e-02  -2.7107551e-01   1.9316087e-01   5.8147879e-01  -2.2258347e-01   2.7075503e-01
  -2.2358953e+00   3.4624845e+00   3.4510786e-01   3.6320236e-01   2.0586040e-01  -1.1229225e-01   4.1101949e-01  -3.2419219e-01   6.5392892e-01   2.6564564e-01   3.0970313e-01   5.5984015e-01
  -2.3990056e+00   3.2989192e+00   3.1836907e-02  -3.4444129e-01  -4.6387406e-01  -1.3298791e+00  -3.5712516e-01  -4.5292401e-02   2.5037129e-01  -4.6747744e-01  -4.1858391e-01   1.6767197e-01
  -1.1462245e+00   4.2687448e+00   4.6421845e-01  -1.5099322e+00  -3.0454951e-01  -5.8799721e-01  -2.9961834e-01  -1.5630216e-01   5.3469840e-01  -3.4407708e-01  -1.5637928e-01   2.8007166e-01
