   6.2538076e+00   3.2886252e+00  -1.8748922e+00  -1.7624965e+00  -1.1718503e+00   9.7468907e-02   4.9937937e-01  -1.2395439e+00  -6.5076742e-01  -4.1978504e-01  -4.2594313e-01   1.1281785e-01
   6.3189424e+00   4.1658699e+00  -5.9221313e-01  -1.3155075e+00  -1.1995092e+00   1.6847993e-01   4.6378181e-01  -5.5248972e-01  -8.7967067e-01  -1.8098497e-01   1.0331714e-01  -1.8065284e-01
   4.2690040e+00   2.3995118e+00  -1.0969738e-01  -2.0984300e-01  -1.3498049e+00  -9.9198203e-01  -2.1419464e-01  -1.4334154e+00  -9.0856978e-01  -4.4337146e-01  -1.4109629e-01  -5.4942154e-01
   2.2624163e+00   1.7720573e+00  -8.2139390e-01  -4.9927864e-01  -7.9765725e-01  -5.4216908e-01  -2.5188249e-01  -1.5684196e+00   4.4994608e-01  -6.6414523e-02  -2.6105390e-01  -6.8259837e-01
   1.4837985e+00   8.3358076e-01  -3.5118985e-01   9.2812051e-01  -1.1265779e-02  -3.6138363e-01  -5.1380129e-01  -1.0884840e+00   5.1404449e-01  -2.4703100e-01  -4.4493503e-01  -4.5286638e-01
   2.8255174e-01  -7.6456487e-02  -6.4307865e-01  -8.8351034e-02  -1.8896248e+00  -1.2952158e+00  -3.1854639e-01  -1.1744065e+00   2.3779936e-01  -8.5730044e-01  -5.6922483e-01  -5.8851635e-01
   6.7557520e-02   2.4735001e-02  -7.7445007e-01  -5.9934196e-02  -2.8298232e-01   6.9749872e-02   7.1732934e-01  -1.0344615e+00   1.0209699e+00   5.3995689e-01  -5.9028827e-01  -4.6642147e-01
  -5.0580973e-01  -1.2798215e+00  -1.4015771e+00  -5.3443728e-01   5.3590076e-02   4.5709445e-01   1.1053876e+00  -7.9893729e-02   7.7360451e-01   3.3102970e-01  -4.7081426e-01  -4.5100147e-01
  -4.8389609e-01  -8.8685301e-01  -1.0349161e+00   2.2693892e-01  -5.3354461e-01  -3.2883518e-01   8.6044334e-01  -1.0021514e+00   2.2756108e-01  -1.7480778e-01  -1.2846029e+00  -8.7767909e-01
  -1.1462245e+00   4.2687448e+00   4.6421845e-01  -1.5099322e+00  -3.0454951e-01  -5.8799721e-01  -2.9961834e-01  -1.5630216e-01   5.3469840e-01  -3.4407708e-01  -1.5637928e-01   2.8007166e-01
