  -1.6187276e+00   1.5262990e+00  -6.6471999e-01  -1.0485447e+00  -1.9254515e-02  -5.6522514e-01   3.0226392e-01  -6.6989163e-01   6.9230948e-01   9.2534684e-02  -2.4947880e-01  -2.5561590e-01
   7.0177328e+00   3.7333709e+00  -1.6779628e+00  -8.4865727e-01   7.0080177e-01   4.2629609e-01   3.2258647e-01  -3.8693203e-01  -4.5729108e-01  -5.8686654e-01  -7.8114204e-01  -3.6645356e-01
   4.9031516e+00   4.7520763e+00  -1.2962458e+00  -1.6175597e+00  -3.3061119e-01  -2.5958543e-01  -1.4928427e-01  -6.9902495e-01  -5.8798812e-01  -8.2998699e-02  -3.1799530e-01   9.6412563e-02
   3.2846880e+00   4.9971648e+00  -1.1692428e+00  -1.2792682e+00  -3.4055136e-01  -3.7124677e-01   2.7778195e-01  -8.1393445e-01  -2.8990874e-01  -5.1003887e-01  -3.6732368e-02   3.0095931e-01
   2.6464478e+00   4.5457451e+00  -6.7497412e-01  -1.3274165e+00  -1.0609861e-01   6.9206670e-02   6.5645661e-02  -1.2917425e+00  -2.7736272e-01  -8.8748623e-01  -7.7331621e-01  -1.0534381e-01
   5.4766237e-01   4.3835339e+00  -1.4464960e-02  -1.4084380e+00  -3.0235275e-01  -3.2538455e-02  -4.7389332e-01  -1.1109241e+00   7.5966949e-02  -2.8927316e-01   6.7229052e-01   2.9826087e-01
   6.9905472e-01   4.6615934e+00  -3.7989992e-01  -1.2973521e+00  -4.5309584e-01  -5.3615880e-01   2.1062279e-01  -1.0107953e+00  -2.2539237e-01   1.3740428e-01   3.7328287e-01  -2.7820845e-01
  -1.1033187e-01   4.3597825e+00  -2.6819152e-01  -1.2993886e+00  -3.8549827e-01  -2.7058392e-01   8.7228632e-03  -1.3326097e+00  -7.1799631e-02  -2.0729737e-01   2.0299700e-01  -1.0899800e-01
  -6.9367261e-01   3.6823072e+00  -5.6102293e-02  -7.3145535e-01  -2.5656874e-01  -9.9695816e-02  -8.1491174e-02  -9.2534078e-01   2.3860063e-01  -3.7802444e-02   6.5124907e-01   2.2292865e-01
  -3.2857046e-01   4.5671843e+00   5.7169313e-01  -9.1185921e-01   2.1069449e-01  -1.4587035e-01   4.3805799e-01  -4.7709514e-01   3.2221979e-01  -2.4277516e-01  -2.3125135e-01  -1.3385401e-01
